## htsjdk.samtools.metrics.StringHeader
# CollectInsertSizeMetrics --MINIMUM_PCT 0.5 --INPUT C:\WGS_QC\CEUTrio.HiSeq.WGS.b37.NA12878.20.21.bam --OUTPUT C:\WGS_QC\insert_size_metrics.txt --VALIDATION_STRINGENCY LENIENT --DEVIATIONS 10.0 --METRIC_ACCUMULATION_LEVEL ALL_READS --INCLUDE_DUPLICATES false --ASSUME_SORTED true --STOP_AFTER 0 --VERBOSITY INFO --QUIET false --COMPRESSION_LEVEL 5 --MAX_RECORDS_IN_RAM 500000 --CREATE_INDEX false --CREATE_MD5_FILE false --help false --version false --showHidden false --USE_JDK_DEFLATER false --USE_JDK_INFLATER false
## htsjdk.samtools.metrics.StringHeader
# Started on: Tue Oct 06 16:13:02 TRT 2026

## METRICS CLASS	picard.analysis.InsertSizeMetrics
MEDIAN_INSERT_SIZE	MODE_INSERT_SIZE	MEDIAN_ABSOLUTE_DEVIATION	MIN_INSERT_SIZE	MAX_INSERT_SIZE	MEAN_INSERT_SIZE	STANDARD_DEVIATION	READ_PAIRS	PAIR_ORIENTATION	WIDTH_OF_10_PERCENT	WIDTH_OF_20_PERCENT	WIDTH_OF_30_PERCENT	WIDTH_OF_40_PERCENT	WIDTH_OF_50_PERCENT	WIDTH_OF_60_PERCENT	WIDTH_OF_70_PERCENT	WIDTH_OF_80_PERCENT	WIDTH_OF_90_PERCENT	WIDTH_OF_95_PERCENT	WIDTH_OF_99_PERCENT	SAMPLE	LIBRARY	READ_GROUP
396	398	23	39	17822381	391,594351	41,923618	248406	FR	9	17	27	35	47	57	71	89	123	167	317			

## HISTOGRAM	java.lang.Integer
insert_size	All_Reads.fr_count
39	1
42	1
44	1
51	1
59	2
68	1
75	1
76	2
77	1
83	1
86	1
90	1
91	2
92	2
93	4
94	6
95	2
96	4
97	4
98	4
99	6
100	3
101	3
102	3
103	3
104	5
105	9
106	8
107	6
108	6
109	7
110	2
111	3
112	6
113	10
114	8
115	9
116	10
117	6
118	7
119	6
120	2
121	7
122	7
123	5
124	9
125	2
126	1
127	10
128	7
129	4
130	5
131	5
132	11
133	2
134	4
135	5
136	4
137	4
138	2
139	4
140	6
141	8
142	2
143	4
144	8
145	4
146	8
147	11
148	3
149	8
150	7
151	6
152	11
153	11
154	6
155	8
156	4
157	8
158	8
159	7
160	15
161	8
162	12
163	7
164	11
165	6
166	8
167	5
168	8
169	11
170	5
171	9
172	8
173	5
174	3
175	8
176	7
177	14
178	8
179	17
180	17
181	9
182	10
183	7
184	9
185	11
186	11
187	12
188	12
189	10
190	12
191	12
192	11
193	7
194	10
195	10
196	7
197	10
198	12
199	11
200	18
201	14
202	10
203	11
204	12
205	11
206	13
207	10
208	12
209	8
210	16
211	13
212	10
213	17
214	8
215	20
216	15
217	15
218	10
219	15
220	12
221	7
222	17
223	19
224	16
225	19
226	17
227	18
228	12
229	17
230	21
231	20
232	18
233	19
234	20
235	26
236	27
237	25
238	31
239	20
240	21
241	19
242	25
243	24
244	22
245	32
246	17
247	33
248	39
249	37
250	32
251	46
252	30
253	34
254	25
255	34
256	37
257	41
258	42
259	44
260	63
261	55
262	50
263	58
264	55
265	48
266	47
267	45
268	77
269	52
270	54
271	51
272	60
273	68
274	81
275	81
276	69
277	65
278	76
279	88
280	69
281	104
282	89
283	99
284	102
285	88
286	112
287	98
288	123
289	83
290	110
291	122
292	125
293	132
294	126
295	137
296	127
297	168
298	169
299	154
300	155
301	179
302	173
303	185
304	187
305	196
306	217
307	220
308	222
309	215
310	277
311	270
312	284
313	264
314	295
315	320
316	371
317	347
318	352
319	399
320	387
321	403
322	417
323	437
324	469
325	512
326	520
327	535
328	577
329	611
330	594
331	590
332	643
333	664
334	673
335	688
336	754
337	756
338	813
339	839
340	770
341	902
342	905
343	924
344	966
345	970
346	1007
347	1037
348	1087
349	1167
350	1063
351	1118
352	1087
353	1216
354	1247
355	1250
356	1285
357	1339
358	1325
359	1405
360	1388
361	1452
362	1378
363	1481
364	1554
365	1605
366	1565
367	1556
368	1582
369	1672
370	1731
371	1766
372	1718
373	1808
374	1927
375	1959
376	1969
377	2059
378	2029
379	2058
380	2156
381	2141
382	2382
383	2354
384	2459
385	2450
386	2523
387	2675
388	2729
389	2739
390	2840
391	2904
392	2928
393	2913
394	3100
395	3045
396	3091
397	3016
398	3266
399	3194
400	3175
401	3220
402	3196
403	3199
404	3093
405	3116
406	3174
407	3007
408	3112
409	2962
410	3059
411	3025
412	2885
413	2845
414	2873
415	2828
416	2861
417	2797
418	2770
419	2644
420	2629
421	2566
422	2467
423	2494
424	2451
425	2368
426	2219
427	2282
428	2135
429	2087
430	2039
431	1804
432	1801
433	1760
434	1562
435	1610
436	1412
437	1371
438	1342
439	1166
440	1107
441	977
442	906
443	849
444	772
445	672
446	571
447	579
448	501
449	437
450	393
451	377
452	297
453	267
454	235
455	204
456	161
457	138
458	168
459	155
460	112
461	110
462	114
463	104
464	103
465	91
466	93
467	82
468	75
469	90
470	85
471	67
472	72
473	98
474	48
475	60
476	76
477	44
478	68
479	69
480	54
481	59
482	65
483	66
484	41
485	68
486	53
487	53
488	53
489	55
490	45
491	48
492	51
493	39
494	56
495	41
496	49
497	44
498	38
499	51
500	35
501	32
502	33
503	44
504	41
505	40
506	40
507	30
508	39
509	29
510	27
511	46
512	39
513	41
514	42
515	36
516	30
517	39
518	37
519	34
520	35
521	31
522	27
523	28
524	19
525	30
526	32
527	27
528	19
529	30
530	25
531	22
532	21
533	24
534	15
535	18
536	25
537	20
538	21
539	35
540	26
541	15
542	24
543	22
544	29
545	34
546	24
547	24
548	34
549	22
550	28
551	16
552	30
553	15
554	18
555	25
556	18
557	28
558	13
559	14
560	28
561	17
562	19
563	9
564	23
565	12
566	16
567	13
568	19
569	15
570	15
571	13
572	13
573	20
574	13
575	16
576	12
577	12
578	12
579	12
580	11
581	9
582	18
583	12
584	19
585	13
586	15
587	13
588	11
589	8
590	10
591	9
592	7
593	14
594	12
595	10
596	8
597	10
598	16
599	10
600	6
601	7
602	9
603	4
604	10
605	15
606	7
607	6
608	4
609	8
610	12
611	11
612	4
613	6
614	7
615	7
616	5
617	6
618	4
619	7
620	4
621	5
622	5
623	3
624	3
625	3
626	6

