## htsjdk.samtools.metrics.StringHeader
# CollectWgsMetrics --INPUT C:\WGS_QC\CEUTrio.HiSeq.WGS.b37.NA12878.20.21.bam --OUTPUT C:\WGS_QC\wgs_metrics.txt --INTERVALS C:\WGS_QC\subset.interval_list --VALIDATION_STRINGENCY LENIENT --REFERENCE_SEQUENCE C:\WGS_QC\b37_chr20_chr21.fasta --MINIMUM_MAPPING_QUALITY 20 --MINIMUM_BASE_QUALITY 20 --COVERAGE_CAP 250 --LOCUS_ACCUMULATION_CAP 100000 --STOP_AFTER -1 --INCLUDE_BQ_HISTOGRAM false --COUNT_UNPAIRED false --SAMPLE_SIZE 10000 --ALLELE_FRACTION 0.001 --ALLELE_FRACTION 0.005 --ALLELE_FRACTION 0.01 --ALLELE_FRACTION 0.02 --ALLELE_FRACTION 0.05 --ALLELE_FRACTION 0.1 --ALLELE_FRACTION 0.2 --ALLELE_FRACTION 0.3 --ALLELE_FRACTION 0.5 --USE_FAST_ALGORITHM false --READ_LENGTH 150 --VERBOSITY INFO --QUIET false --COMPRESSION_LEVEL 5 --MAX_RECORDS_IN_RAM 500000 --CREATE_INDEX false --CREATE_MD5_FILE false --help false --version false --showHidden false --USE_JDK_DEFLATER false --USE_JDK_INFLATER false
## htsjdk.samtools.metrics.StringHeader
# Started on: Wed Oct 07 09:36:36 TRT 2026

## METRICS CLASS	picard.analysis.WgsMetrics
GENOME_TERRITORY	MEAN_COVERAGE	SD_COVERAGE	MEDIAN_COVERAGE	MAD_COVERAGE	PCT_EXC_ADAPTER	PCT_EXC_MAPQ	PCT_EXC_DUPE	PCT_EXC_UNPAIRED	PCT_EXC_BASEQ	PCT_EXC_OVERLAP	PCT_EXC_CAPPED	PCT_EXC_TOTAL	PCT_1X	PCT_5X	PCT_10X	PCT_15X	PCT_20X	PCT_25X	PCT_30X	PCT_40X	PCT_50X	PCT_60X	PCT_70X	PCT_80X	PCT_90X	PCT_100X	FOLD_80_BASE_PENALTY	FOLD_90_BASE_PENALTY	FOLD_95_BASE_PENALTY	HET_SNP_SENSITIVITY	HET_SNP_Q
416137	50,3549	39,207191	62	22	0	0,553023	0,05273	0,002261	0,008644	0,000238	0,006159	0,623055	0,831887	0,765721	0,728287	0,705431	0,68719	0,672084	0,656488	0,632503	0,602619	0,531681	0,382331	0,19793	0,072969	0,026753	25,17745	?	?	0,7961	7

## HISTOGRAM	java.lang.Integer
coverage	high_quality_coverage_count
0	69958
1	11412
2	6737
3	4975
4	4410
5	3969
6	3659
7	2973
8	2615
9	2362
10	2163
11	1983
12	1977
13	1703
14	1685
15	1633
16	1517
17	1618
18	1512
19	1311
20	1320
21	1246
22	1245
23	1241
24	1234
25	1206
26	1366
27	1320
28	1276
29	1322
30	1134
31	1063
32	1031
33	956
34	934
35	920
36	965
37	1016
38	983
39	979
40	984
41	1009
42	1053
43	1152
44	1146
45	1200
46	1332
47	1455
48	1495
49	1610
50	1770
51	1890
52	2230
53	2535
54	2814
55	3016
56	3392
57	3732
58	3918
59	4223
60	4664
61	5053
62	5550
63	5803
64	6092
65	6370
66	6834
67	7027
68	7311
69	7446
70	7514
71	7652
72	7768
73	7718
74	7978
75	7885
76	7810
77	7722
78	7434
79	7255
80	6852
81	6611
82	6442
83	5875
84	5468
85	4940
86	4559
87	4064
88	3802
89	3388
90	3178
91	2913
92	2579
93	2310
94	1999
95	1562
96	1449
97	1265
98	1047
99	930
100	860
101	668
102	539
103	397
104	362
105	273
106	260
107	225
108	222
109	203
110	136
111	121
112	106
113	99
114	105
115	101
116	82
117	81
118	75
119	62
120	82
121	64
122	58
123	52
124	55
125	36
126	42
127	37
128	32
129	29
130	48
131	40
132	46
133	59
134	30
135	32
136	35
137	32
138	25
139	28
140	31
141	26
142	32
143	38
144	35
145	21
146	23
147	27
148	35
149	33
150	33
151	28
152	37
153	24
154	23
155	36
156	26
157	25
158	26
159	44
160	27
161	26
162	30
163	27
164	31
165	17
166	31
167	22
168	29
169	19
170	33
171	24
172	32
173	23
174	26
175	25
176	30
177	31
178	37
179	38
180	40
181	33
182	26
183	28
184	32
185	22
186	24
187	16
188	30
189	10
190	19
191	30
192	29
193	25
194	20
195	21
196	27
197	29
198	25
199	28
200	22
201	20
202	16
203	17
204	23
205	13
206	17
207	23
208	19
209	18
210	19
211	25
212	31
213	33
214	33
215	40
216	16
217	16
218	18
219	12
220	14
221	23
222	11
223	16
224	11
225	10
226	19
227	8
228	14
229	15
230	15
231	13
232	11
233	16
234	15
235	22
236	6
237	17
238	16
239	10
240	14
241	16
242	10
243	17
244	19
245	24
246	14
247	15
248	17
249	12
250	2748

